Initializing...
INFLATE
0.19
2.75
4.95
6.78
7.88
8.80
9.53
10.08
10.45
10.82
11.18
11.37
11.55
11.73
11.73
11.92
12.10
12.10
12.28
12.28
12.47
12.47
12.47
12.47
12.47
12.65
12.65
12.83
12.83
12.65
12.83
12.65
12.83
12.83
12.83
13.01
13.01
12.83
13.01
13.01
12.83
13.01
13.01
13.01
13.01
13.01
13.01
13.01
13.01
13.01
DEFLATE
13.20
13.01
13.01
12.83
12.65
12.65
12.47
12.47
12.47
12.28
12.28
12.10
12.10
11.92
11.92
11.92
11.73
11.73
11.73
11.55
11.37
11.37
11.37
11.18
11.18
11.18
11.00
11.00
10.82
10.82
10.63
10.63
10.45
10.45
10.45
10.45
10.27
10.27
10.08
10.08
10.08
9.90
9.90
9.90
9.72
9.72
9.53
9.53
9.53
9.35
Settings:
filename,ron_pid
Use KPA?,0
KP,0.70000
KI,0.00000
KD,0.00000
Traj Follow Error Pressure Threshold,4.35
Traj Follow Error Time Threshold,1500.00
Filter alpha,0.00000
Sensor offset,0.24000
Pressure Read Delay,30.00
Interpolation Calculation Delay,30
Controller Delay,30
Traj times,0.00,1000.00,1100.00,10000.00,10100.00,20000.00
Traj pressures,0.00,0.00,17.50,17.50,0.00,0.00
Data:
UPDATED TEXT
